%YAML:1.0
Tree: !!opencv-matrix
   rows: 4
   cols: 379
   dt: d
   data: [ 75., 18., 138., 80., 21., 23., 68., 81., 57., 358., 0., 77.,
       43., 164., 7., 7., 79., 124., 195., 7., 81., 10., 33., 156., 12.,
       55., 24., 17., 33., 57., 337., 160., 7., 57., 127., 57., 57., 68.,
       117., 55., 8., 156., 358., 158., 164., 353., 57., 17., 73., 44.,
       358., 15., 124., 131., 7., 68., 68., 73., 117., 358., 247., 127.,
       62., 76., 18., 101., 164., 163., 164., 218., 215., 247., 17., 62.,
       73., 22., 62., 164., 37., 50., 138., 44., 358., 7., 121., 7., 1.,
       17., 7., 17., 101., 56., 247., 95., 93., 162., 316., 187., 124.,
       29., 106., 215., 55., 59., 127., 106., 343., 28., 81., 238., 73.,
       164., 44., 320., 247., 66., 254., 358., 76., 7., 7., 117., 1.,
       215., 164., 19., 158., 57., 82., 87., 160., 324., 359., 108.,
       316., 339., 337., 188., 11., 247., 359., 164., 358., 239., 18.,
       120., 290., 57., 163., 57., 366., 37., 168., 81., 164., 181.,
       358., 235., 35., 148., 358., 163., 247., 358., 76., 35., 81., 73.,
       74., 120., 61., 156., 10., 126., 236., 15., 82., 44., 81., 337.,
       155., 120., 125., 164., 141., 114., 117., 190., 164., 62., 198.,
       104., 50., 164., 133., 164., 215., 108., 32., 17., 156., 87., 43.,
       71., 291., 74., 74., 44., 124., 358., 17., 213., 277., 214., 219.,
       68., 364., 247., 127., 227., 56., 278., 28., 164., 95., 62., 171.,
       164., 50., 31., 81., 210., 325., 155., 92., 62., 64., 162., 339.,
       35., 62., 206., 76., 44., 139., 7., 60., 164., 290., 8., 44., 98.,
       114., 363., 37., 277., 182., 240., 247., 261., 259., 288., 160.,
       147., 265., 173., 265., 68., 111., 47., 271., 195., 29., 12.,
       164., 109., 69., 164., 81., 283., 169., 279., 195., 30., 163.,
       254., 235., 358., 283., 29., 44., 65., 256., 303., 299., 296.,
       286., 62., 152., 107., 302., 300., 69., 96., 358., 110., 57., 81.,
       17., 249., 62., 89., 195., 293., 164., 218., 358., 320., 317.,
       306., 223., 145., 17., 13., 358., 358., 18., 361., 148., 215.,
       349., 330., 183., 377., 117., 264., 104., 210., 339., 60., 233.,
       164., 247., 279., 65., 358., 120., 51., 215., 177., 247., 127.,
       335., 64., 56., 247., 127., 62., 62., 160., 329., 351., 299., 1.,
       281., 226., 76., 251., 128., 217., 50., 253., 37., 62., 12., 166.,
       76., 12., 183., 9.6255999999999997e-01, 7.7439999999999998e-01,
       9.5079999999999998e-01, 9.7431999999999996e-01,
       9.8607999999999996e-01, 9.5472000000000001e-01,
       8.7239999999999995e-01, 7.0384000000000002e-01,
       8.7631999999999999e-01, 8.9984000000000008e-01,
       9.7824000000000000e-01, 8.7631999999999999e-01,
       3.3520000000000001e-02, 5.0000000000000000e-01,
       3.9415999999999995e-01, 5.0000000000000000e-01,
       8.8415999999999995e-01, 4.4512000000000002e-01,
       8.2535999999999998e-01, 8.7631999999999999e-01,
       4.9607999999999997e-01, 9.8215999999999992e-01,
       9.5472000000000001e-01, 8.8807999999999998e-01,
       2.5680000000000001e-02, 3.1968000000000002e-01,
       1.7840000000000002e-02, 3.1575999999999999e-01,
       9.4688000000000005e-01, 8.6848000000000003e-01,
       8.8400000000000006e-02, 5.4312000000000005e-01,
       4.2552000000000001e-01, 8.5280000000000000e-01,
       8.4887999999999997e-01, 7.5087999999999999e-01,
       9.1160000000000008e-01, 7.1951999999999994e-01,
       9.0376000000000001e-01, 4.3336000000000002e-01,
       9.4688000000000005e-01, 6.0584000000000005e-01,
       7.8224000000000005e-01, 1.3152000000000000e-01,
       6.9208000000000003e-01, 8.4480000000000000e-02,
       8.5672000000000004e-01, 4.0592000000000000e-01,
       8.5672000000000004e-01, 2.8439999999999999e-01,
       8.6848000000000003e-01, 3.7063999999999997e-01,
       3.0008000000000001e-01, 8.8807999999999998e-01,
       3.6671999999999999e-01, 5.7840000000000003e-01,
       8.4496000000000004e-01, 7.7831999999999990e-01,
       8.8024000000000002e-01, 8.7631999999999999e-01,
       5.6664000000000003e-01, 6.5679999999999994e-01,
       8.0967999999999996e-01, 8.8415999999999995e-01,
       5.9799999999999998e-01, 2.1384000000000000e-01,
       6.9600000000000006e-01, 9.2727999999999999e-01,
       8.5280000000000000e-01, 7.5087999999999999e-01,
       6.7248000000000008e-01, 6.0975999999999997e-01,
       3.1575999999999999e-01, 8.2535999999999998e-01,
       8.0184000000000000e-01, 9.6255999999999997e-01,
       7.4303999999999992e-01, 7.4696000000000007e-01,
       1.9031999999999999e-01, 9.0376000000000001e-01,
       9.1943999999999992e-01, 5.6664000000000003e-01,
       6.1760000000000004e-01, 5.4703999999999997e-01,
       9.4688000000000005e-01, 9.2319999999999985e-02,
       4.5688000000000001e-01, 5.6272000000000000e-01,
       6.0584000000000005e-01, 2.8832000000000002e-01,
       2.9600000000000001e-02, 7.7439999999999998e-01,
       1.3544000000000000e-01, 1.7840000000000002e-02,
       2.1760000000000002e-02, 1.7840000000000002e-02,
       1.7463999999999999e-01, 4.9200000000000008e-02,
       6.0192000000000001e-01, 9.4296000000000002e-01,
       3.7440000000000001e-02, 4.0983999999999998e-01,
       2.2952000000000000e-01, 3.1184000000000001e-01,
       7.5087999999999999e-01, 1.7840000000000002e-02,
       1.3920000000000000e-02, 9.7431999999999996e-01,
       7.7439999999999998e-01, 8.4480000000000000e-02,
       9.5864000000000005e-01, 5.0392000000000003e-01,
       6.6072000000000009e-01, 1.3920000000000000e-02,
       5.6664000000000003e-01, 9.3512000000000006e-01,
       1.1191999999999999e-01, 8.4887999999999997e-01,
       6.9600000000000006e-01, 5.5879999999999996e-01,
       5.2351999999999999e-01, 8.8807999999999998e-01,
       1.1191999999999999e-01, 4.5295999999999997e-01,
       6.3327999999999995e-01, 4.8432000000000003e-01,
       4.2552000000000001e-01, 8.1359999999999999e-01,
       5.3120000000000001e-02, 1.7856000000000002e-01,
       2.3344000000000001e-01, 9.4296000000000002e-01,
       4.1768000000000000e-01, 3.4712000000000004e-01,
       2.8439999999999999e-01, 5.3527999999999998e-01,
       3.5496000000000000e-01, 3.3927999999999997e-01,
       9.0376000000000001e-01, 3.2360000000000005e-01,
       3.5887999999999998e-01, 3.7848000000000004e-01,
       8.2928000000000002e-01, 2.5680000000000001e-02,
       2.3735999999999999e-01, 1.5896000000000002e-01,
       9.6239999999999992e-02, 3.7456000000000000e-01,
       1.8248000000000000e-01, 5.8623999999999998e-01,
       8.7239999999999995e-01, 7.1951999999999994e-01,
       2.9600000000000001e-02, 5.0783999999999996e-01,
       7.5872000000000006e-01, 8.4480000000000000e-02,
       8.3711999999999998e-01, 8.5672000000000004e-01,
       5.6272000000000000e-01, 1.3935999999999998e-01,
       7.7439999999999998e-01, 6.7248000000000008e-01,
       1.2367999999999998e-01, 7.9400000000000004e-01,
       6.6855999999999993e-01, 3.1968000000000002e-01,
       1.7463999999999999e-01, 4.0983999999999998e-01,
       3.2360000000000005e-01, 4.8432000000000003e-01,
       3.3927999999999997e-01, 3.1968000000000002e-01,
       9.7824000000000000e-01, 3.3520000000000001e-02,
       2.5680000000000001e-02, 7.2719999999999993e-02,
       7.2719999999999993e-02, 7.6640000000000000e-02,
       2.6479999999999998e-01, 2.5696000000000002e-01,
       5.7040000000000000e-02, 1.4328000000000002e-01,
       6.8800000000000000e-02, 2.6479999999999998e-01,
       2.2168000000000002e-01, 6.4879999999999993e-02,
       5.8231999999999995e-01, 1.3920000000000000e-02,
       8.5672000000000004e-01, 2.8048000000000001e-01,
       4.5280000000000001e-02, 1.5896000000000002e-01,
       4.1768000000000000e-01, 8.4104000000000001e-01,
       1.7463999999999999e-01, 7.5479999999999992e-01,
       1.7072000000000001e-01, 3.2751999999999998e-01,
       9.2319999999999985e-02, 4.3336000000000002e-01,
       8.0576000000000003e-01, 5.7055999999999996e-01,
       1.7840000000000002e-02, 1.0800000000000000e-01,
